750
226 833
492 662
65 853
238 643
495 625
769 841
250 862
266 675
517 612
501 40
949 583
198 872
636 475
85 461
215 26
86 797
395 20
237 861
234 952
96 573
657 943
651 290
95 350
102 151
930 355
123 252
126 173
715 365
810 426
61 6
375 199
834 681
353 373
160 18
163 434
168 437
967 382
171 763
172 227
36 805
996 609
965 973
818 737
595 528
590 866
774 165
465 622
503 624
585 534
958 459
582 336
684 695
338 244
579 547
711 273
753 146
957 879
838 920
47 689
563 474
876 566
76 664
758 124
288 405
478 857
55 572
709 571
71 562
2 93
882 32
529 697
710 525
271 518
280 835
759 705
223 891
545 490
218 903
577 915
46 443
331 414
580 12
871 653
464 407
599 388
601 371
934 825
816 30
911 345
359 937
628 330
366 321
428 297
59 285
789 947
143 760
385 259
128 953
116 80
390 188
918 182
919 157
990 147
927 156
384 703
630 701
828 72
432 49
66 304
58 494
57 988
824 394
910 307
343 716
631 912
793 130
961 726
337 444
335 832
131 318
773 270
632 544
633 452
37 454
781 455
82 133
981 52
607 327
608 231
676 368
897 977
484 932
487 765
269 770
498 674
868 410
0 236
119 537
257 99
510 881
161 376
637 137
248 383
246 956
158 422
698 808
666 858
668 482
535 424
224 800
399 817
64 751
417 740
419 714
909 735
940 31
466 686
904 840
752 670
941 846
68 665
901 856
310 620
69 44
898 617
295 873
291 524
476 885
264 522
946 513
762 481
700 458
884 813
883 447
659 438
527 415
542 413
548 402
552 401
685 929
683 386
586 67
191 10
589 256
185 243
175 200
618 960
968 195
673 153
782 155
974 150
788 982
634 105
635 101
979 991
117 993
97 619
104 837
152 615
84 409
180 408
190 27
79 581
207 392
221 51
253 744
306 372
322 344
324 339
363 341
398 553
403 289
418 543
427 263
445 262
449 814
512 249
54 796
53 242
523 204
558 521
564 847
568 721
578 183
587 169
598 162
600 511
603 894
696 795
699 118
749 8
750 114
783 661
798 108
892 471
902 15
916 88
945 470
980 469
985 995
999 94
496 91
660 144
214 134
806 794
731 129
928 115
720 984
717 801
206 138
969
962
890
836
802
779
771
761
745
732
728
725
723
645
638
588
567
557
550
546
497
488
472
416
314
294
286
260
241
219
217
197
196
179
154
127
125
113
109
83
78
28
22
994
964
954
950
942
939
924
913
889
877
867
799
775
746
739
706
654
623
606
576
561
559
555
508
480
468
404
387
381
367
329
320
301
300
287
277
275
254
247
216
211
201
187
181
149
145
87
50
38
19
13
972
963
923
899
887
880
864
855
830
803
792
777
768
757
756
755
729
704
679
677
648
644
629
616
551
541
539
509
504
485
479
467
457
451
450
433
429
423
411
370
364
360
349
348
313
302
296
281
228
166
148
139
103
92
90
89
81
34
23
11
5
4
992
986
951
936
926
907
905
900
896
860
736
712
688
641
627
614
613
594
549
532
530
507
500
499
463
462
456
389
305
292
265
208
202
167
106
98
70
48
35
21
9
998
987
970
944
921
888
878
870
845
844
831
820
812
743
718
708
707
671
663
650
610
584
570
554
533
516
502
436
435
393
391
361
352
347
272
251
245
189
159
120
111
41
25
3
978
935
922
906
886
865
863
852
821
815
786
754
719
687
669
605
604
597
596
526
483
460
442
430
421
406
400
396
369
362
358
328
311
299
284
279
278
267
261
255
233
232
229
225
203
178
142
73
60
39
997
975
933
931
925
908
875
851
850
849
839
827
811
804
787
776
727
724
693
682
656
640
593
591
565
560
536
514
473
446
440
439
319
309
283
274
240
222
213
212
193
177
140
100
63
62
29
24
7
983
917
895
893
874
869
842
826
823
822
819
809
807
791
790
785
778
742
733
713
702
692
690
680
672
667
658
652
611
574
540
520
519
491
489
486
453
425
412
380
378
377
356
346
342
332
315
312
303
298
239
209
186
184
174
136
121
77
75
45
1
976
966
955
938
914
854
848
843
829
772
767
764
747
741
738
730
678
655
647
621
592
575
556
538
531
515
441
431
397
379
374
357
354
351
340
334
326
325
323
316
293
258
235
230
205
176
170
164
132
112
110
107
74
989
971
959
948
859
784
780
766
748
734
722
694
691
649
646
642
639
626
602
569
506
505
493
477
448
420
333
317
308
282
276
268
220
210
194
192
141
135
43
42
33
17
16
14
122
56